-1849.320440
-1565.775405
-1808.231638
-1829.044898
-1535.557166
-1464.810686
-1493.354439
-1340.460300
-1770.358067
-1466.297729
-1488.021796
-1602.096716
-1357.861575
-1695.228535
-1541.570716
-1216.426595
-1758.773257
-1413.853753
-1759.844414
-1543.908281
-1262.703272
-1503.771555
-1176.062294
-1329.403388
-1177.177586
-1263.878111
-1062.945399
-1277.500029
-1790.350302
-1215.218534
-1121.743067
-1374.179797
-1321.716578
-1271.806340
-1371.130571
-1456.653162
-1329.262858
-1423.031774
-1140.099945
-1253.775309
-1461.591329
-1476.911079
-1380.742416
-1885.006276
-1097.235345
-1583.403246
-1772.461492
-1399.151629
-1374.563965
-1331.866906
-1462.908884
-1381.895990
-1294.194784
-1222.295769
-1512.218143
-1437.557832
-1424.617223
-1414.268481
-1355.574346
-1358.251514
-1212.748197
-1368.382438
-1525.163818
-1356.602628
-1395.237352
-1377.304975
-1373.856924
-1377.207488
-1394.113384
-1420.503946
-1470.738521
-1490.704369
-1450.561913
-1505.956754
-1379.696322
-1421.724911
-1449.570761
-1456.273272
-1409.678101
-1365.982982
-1253.969479
-1492.311041
-1334.466086
-1362.537982
-1447.658793
-1393.182133
-1381.047711
-1384.383214
-1361.345830
-1342.997248
-1390.724295
-1398.669786
-1399.405277
-1289.447530
-1307.376225
-1404.200271
-1380.919432
-1386.073952
-1224.375767
-1303.908107
-1345.999263
-1354.480990
-1269.634409
-1390.519313
-1396.308113
-1224.386298
-1311.369959
-1205.667983
-1479.912775
-1343.252958
-1400.998536
-1267.958269
-1379.410967
-1293.896829
-1288.277863
-1597.006430
-1354.038160
-1188.190807
-1312.365494
-1319.729359
-1350.279015
-1266.127180
-1460.084310
-1387.877745
-1381.461447
-1256.604076
-1333.415476
-1229.513217
-1307.890645
-1351.402789
-1193.991108
-1356.166082
-1239.891844
-1363.702162
-1048.489773
-1083.506705
-920.948260
-1273.887627
-1467.990344
-1012.244838
-1312.263445
-1305.122398
-1437.726963
-1339.170407
-1351.002222
-1467.586887
-1394.951232
-1390.653633
-1359.856860
-1362.438217
-1390.979694
-1181.658438
-1318.888079
-1331.958657
-1293.895644
-1413.454073
-1354.800550
-1428.618591
-1418.608454
-1394.614598
-1364.909329
-1178.706515
-1225.913041
-1248.549067
-1361.668058
-1308.650285
-1298.019525
-1347.941602
-1319.693035
-1259.139512
-1358.023615
-1331.305416
-1227.013484
-1107.618275
-1217.465622
-1221.562433
-1147.979068
-1199.159291
-1153.681895
-1270.309095
-1296.122219
-1134.982253
-1074.200174
-1149.941880
-1069.864771
-1208.225514
-1325.977312
-1351.368846
-1211.061839
-717.943842
-1188.173443
-1173.956324
-1220.268014
-1195.583603
-1035.947392
-1189.335667
-1031.010711
-871.953544
-1022.676570
-1287.317319
-899.489320
-1029.959736
-1070.719368
-1174.116926
-1181.031174
-1061.580437
-1221.941112
-1280.301922
-1193.213973
-1164.739635
-1158.648571
-626.092859
-1363.295200
-846.604251
-1075.945723
-975.382185
-1060.412446
-1226.627401
-1306.406866
-1328.171992
-1373.630873
-1134.916595
-1081.145033
-1322.524247
-1358.210670
-1094.207184
-1299.859071
-1378.054681
-1253.277291
-1218.349832
-1254.952019
-1389.197647
-1378.933861
-1285.320029
-1154.794882
-1237.514839
-1177.162584
-1298.857709
-1083.249156
-1075.965423
-1264.068363
-1208.396579
-1254.411617
-1359.437636
-1317.684830
-1250.663819
-1263.400277
-1175.292118
-1229.201062
-1214.172467
-1394.177222
-1288.301315
-1209.142531
-1318.173068
-1364.718016
-1219.001837
-1189.647206
-1374.227048
-1170.237368
-1361.397506
-1242.153565
-1300.787096
-1000.012981
-1176.394646
-1057.661544
-1183.470909
-1254.137787
-1090.168038
-1130.306753
-1136.196442
-1242.270945
-1188.265227
-1039.611671
-1179.290879
-1279.968031
-1052.668486
-1415.288114
-1283.907076
-899.862647
-1114.435089
-1192.153657
-1203.542216
-1236.825674
-1165.977352
-1158.649750
-1108.309296
-1158.766989
-1185.443218
-1132.999720
-1049.704747
-1317.203457
-1196.766902
-1288.561413
-1249.772290
-1144.368013
-1138.094136
-1209.815678
-912.044009
-1266.430320
-1183.024128
-839.312108
-1193.344960
-920.952021
-1129.791857
-636.641412
-1051.688102
-1022.740422
-906.519606
-1102.678908
-1048.180398
-1141.083325
-1084.027925
-1230.402585
-1057.679098
-1131.508828
-1270.049700
-1317.187135
-1351.547346
-1200.907999
-1236.287158
-1184.324262
-1216.930017
-1040.479686
-1140.325514
-999.448391
-1099.479572
-1138.198828
-987.927989
-945.858706
-1066.271438
-1182.378301
-1079.074417
-1038.560756
-1108.638018
-1070.929716
-1054.946625
-1017.137901
-922.693474
-972.920722
-1034.280526
-867.585438
-905.562858
-916.899149
-1127.759037
-1093.059055
-948.597951
-1104.128610
-1135.241068
-1033.679634
-1179.140365
-752.481660
-1066.138289
-1036.504227
-786.883660
-794.964077
-766.318010
-1072.844830
-758.721043
-871.444514
-745.386824
-901.337777
-1056.363617
-1092.578365
-1175.713152
-1212.011995
-1208.927616
-1214.747122
-1119.484151
-1054.590386
-1058.883484
-1137.521642
-907.650828
-1089.530314
-1172.095402
-1223.452788
-1038.262207
-1041.049667
-1116.824797
-1172.970283
-1196.116184
-951.788138
-1286.678820
-1206.196642
-879.679304
-1232.337726
-1188.963847
-1137.158399
-1141.628231
-768.406453
-1167.621851
-914.447993
-1110.056109
-900.178863
-768.087548
-897.452011
-1151.340446
-918.411688
-1162.875802
-1154.598837
-1178.300149
-1080.993177
-1199.990376
-1375.095718
-1223.888943
-1216.678749
-1221.643819
-1317.811871
-1211.639741
-1164.877506
-1055.189940
-1058.724651
-1047.841570
-938.804582
-1044.552148
-1022.725867
-758.931558
-941.912088
-918.711623
-1003.648899
-993.431425
-1092.804910
-1055.853597
-1047.643309
-1044.868818
-1048.961139
-1089.830207
-1227.507131
-1189.442605
-1292.283205
-837.121134
-1185.285475
-1206.785025
-1065.538039
-1086.310056
-912.638436
-1093.496462
-1074.773566
-905.942260
-920.652132
-990.432473
-768.767746
-867.190312
-880.112986
-910.058851
-776.859826
-1002.952381
-1017.542996
-1180.930023
-1217.489479
-1099.965318
-1342.388538
-1300.198746
-1297.617890
-1148.841944
-1179.678641
-1149.117395
-1041.610948
-1042.241426
-1212.635752
-1049.446704
-1072.385671
-1040.725329
-1064.343919
-772.376940
-906.884898
-765.870151
-927.230037
-909.383162
-880.273912
-933.864411
-518.204680
-620.495899
-958.819066
-1022.301141
-1124.741472
-971.400958
-1020.244676
-1060.211380
-1045.022374
-1066.308469
-1157.925401
-916.955399
-1071.939917
-1206.728390
-994.796752
-1049.134219
-933.794239
-1074.819117
-959.141615
-1039.336748
-767.974726
-1169.959392
-1063.659059
-1041.514075
-1141.768566
-1070.471053
-928.601711
-630.949106
-927.662471
-918.113239
-771.601450
-901.533704
-783.754944
-792.844030
-631.116153
-1025.441242
-922.085836
-1147.593651
-1009.739335
-1161.071338
-1236.250440
-953.241929
-1074.358110
-1072.085847
-1218.418784
-936.752300
-1113.174495
-1195.325928
-1184.159647
-1206.669900
-1071.877918
-1281.680770
-1150.960650
-1060.864905
-902.649565
-939.007373
-641.059400
-622.433178
-384.693858
-633.043435
-946.363730
-980.663176
-637.072357
-939.225662
-1042.776857
-1109.942632
-1246.501119
-1258.985169
-1098.781588
-1114.314235
-1069.363901
-1155.664059
-1113.020566
-1112.731618
-1076.223994
-1191.801611
-1179.132105
-1194.839083
-1068.299647
-992.847369
-1051.161500
-1081.181526
-1145.014936
-1034.584409
-780.720039
-773.174911
-519.306885
-600.478169
-919.125368
-1000.476958
-896.420546
-385.959757
-635.608803
-641.015973
-608.576718
-742.772458
-764.167430
-902.657182
-920.917362
-1049.819371
-953.209034
-1063.194486
-787.308372
-919.086333
-897.606991
-892.639770
-1063.477288
-909.662094
-1056.548935
-943.156189
-760.045192
-723.917920
-921.275092
-631.208508
-635.080668
-388.676917
-513.936655
-761.717117
-766.304610
-755.596233
-512.157366
-1135.738791
-584.872362
-646.261201
-660.513048
-1053.703958
-515.417660
-768.352752
-779.661241
-513.704321
-629.730383
-1038.011429
-622.701628
-766.961798
-636.045096
-623.189615
-786.348489
-772.179596
-770.863998
-876.100799
-628.244085
-670.105612
-514.427444
-469.501874
-634.512379
-895.666800
-919.279231
-639.839435
-919.652641
-510.437073
-640.649366
-1052.164150
-618.386659
-1047.485758
-635.297625
-773.522638
-1116.622266
-1063.187579
-988.787441
-909.846510
-912.648881
-875.179732
-864.504851
-635.757121
-768.950559
-513.342012
-515.829876
-625.499168
-783.893674
-645.858789
-640.644232
-527.027780
-869.682738
-381.900934
-730.344094
-919.398906
-807.609966
-779.995152
-419.164501
-644.803237
-636.598886
-639.253704
-372.953170
-912.888964
-931.496473
-907.767893
-396.019993
-388.769637
-670.251157
-521.386614
-513.640677
-129.593272
-801.340204
-763.871577
-515.562309
-385.201898
-580.459611
-538.329957
-504.731171
-648.126136
-383.783644
-594.862471
-644.526581
-260.954921
-515.409848
-259.434534
-695.091228
-255.022112
-518.571457
-390.552734
-136.200290
-720.682547
-789.667178
-383.471427
-259.208131
-514.034204
-389.988533
-956.771373
-1171.513029
-845.349153
-766.462828
-261.988206
-515.323442
-515.421737
-254.039551
-507.106894
-257.011040
-131.024459
-740.300263
-254.937612
-257.166647
-374.108635
-863.146825
-259.619640
-131.431543
-381.214244
-516.968942
-323.455611
-485.570887
-365.005319
-779.020212
-259.202448
-127.332320
-131.352612
-380.140839
-252.382532
-252.913911
-782.789101
-383.441933
-259.186491
-258.076979
-259.551294
-384.427888
-642.791465
-260.378071
-131.824923
-383.059817
-643.738614
-0.673960
-515.622343
-0.601785
-377.075378
-405.172725
-388.531235
-258.730745
-251.456945
-128.695848
-255.563543
-407.621728
-0.723313
-260.573567
-0.283635
-246.186995
-391.861471
-243.980767
-261.899981
-365.732162
-251.781118
-259.886375
-843.163695
-251.575517
-397.415277
-391.959416
-791.756790
-389.688825
-251.785615
-127.329714
-799.849668
-582.293448
-127.440487
-421.157659
-549.110805
-1.158384
-128.314118
-129.857568
-130.157993
-549.285235
-128.634607
-646.482633
-257.477862
-130.675977
-382.833221
-400.261695
-0.605631
-446.950096
-129.958583
-507.707274
-408.026046
-130.346424
-128.821567
-130.040809
-129.847177
-129.088944
-0.798632
-260.586733
-775.319930
-912.071742
-784.778668
-257.196458
-414.116191
-254.469271
-255.377464
-398.077415
-131.100085
-379.252180
-256.531696
-125.749635
-387.478397
-0.886987
-680.176014
-126.645826
-129.829708
-261.324193
-129.171377
-379.879560
-126.367245
-415.540541
-1.024431
-782.652932
-128.310116
-0.278481
-265.758711
-257.219478
-789.829965
-935.305929
-652.996309
-252.327138
-130.038090
-380.505841
-508.421212
-129.504210
-127.666107
-129.492144
-131.406231
-250.062201
-126.214368
-129.310094
-566.709037
-128.820037
-128.255517
-0.271324
-367.140162
-512.658793
-255.872825
-378.771215
-248.784590
-252.877890
-133.268972
-383.602012
-131.828916
-396.191121
-2.953284
-654.754265
-0.483383
-0.871989
-128.528115
-131.118661
-1.261250
-385.666601
-507.569681
-388.966647
-372.685188
-131.886024
-525.691755
-347.736843
-0.653276
-131.105766
-417.885023
-129.431905
-379.428475
-128.862762
-0.708788
-263.805820
-526.922453
-128.033251
-127.452957
-132.081408
-422.116903
-410.112098
-539.376027
-262.303406
-398.769142
-261.618399
-126.330197
-410.038541
-130.859071
-127.566986
-248.134969
-126.465475
-131.414335
-5.155079
-259.650575
-261.290247
-258.842210
-904.076527
-131.612179
-395.218078
-262.240723
-259.138495
-128.357253
-658.710853
-136.071212
-131.858301
-926.013914
-127.759695
-249.413866
-126.487268
-476.842965
-647.917483
-256.737778
-935.367213
-127.824176
-129.017837
-1058.271324
-0.550113
-927.025567
-1.897849
-249.898503
-661.838629
-257.197777
-255.298963
-126.634246
-395.376619
-129.371648
-130.275659
-129.026691
-1064.655807
-393.420503
-912.399353
-397.171105
-375.840854
-132.135029
-0.310602
-255.645576
-129.097459
-397.568278
-938.454556
-1.289534
-1045.943236
-1062.430648
-1.095853
-1035.429411
-0.660296
-128.952829
-256.084049
-245.574205
-247.070525
-1.554830
-128.910950
-130.537579
-258.063866
-873.584774
-133.124443
-462.764475
-2.179951
-1.579196
-261.633812
-372.265878
-260.221053
-414.083576
-130.620617
-132.404122
-415.215866
-257.484042
-404.050153
-132.009118
-249.488822
-404.214009
-249.482901
-256.936911
-132.505154
-249.813088
-262.108476
-794.979786
-247.449931
-127.700611
-662.062926
-735.964213
-778.678404
-0.713784
-130.653097
-132.794130
-125.483706
-1.038080
-264.541547
-376.970971
-655.798281
-258.508557
-259.838476
-124.827319
-377.241080
-366.371435
-248.028924
-130.346589
-127.493027
-124.707102
-258.285811
-0.239255
-391.548903
-391.568260
-382.463792
-127.361108
-127.841257
-938.742909
-384.601383
-263.763058
-0.748465
-249.366854
-3.438635
-258.105537
