-1.455604837427398024e+03
-1.834143295615044281e+03
-1.664513357177666876e+03
-1.810948724397819888e+03
-1.441198347937667677e+03
-1.126696382844053005e+03
-1.663751477491092146e+03
-1.653116002659956393e+03
-1.633232296612663504e+03
-1.574864249274730582e+03
-1.493912528403452825e+03
-9.189715682979536950e+02
-1.027039608607112541e+03
-1.588842687758649845e+03
-1.755754655887275021e+03
-1.404762835485379810e+03
-1.263046358572528788e+03
-1.432308011702799377e+03
-1.541668468621735201e+03
-1.495755387423621187e+03
-1.455239859879700361e+03
-1.463742731357580169e+03
-1.585854260968690596e+03
-1.054150085514501143e+03
-1.580863589459138666e+03
-1.034467424836540658e+03
-1.714580259832119054e+03
-1.576127566270648231e+03
-1.123261433985845315e+03
-1.825750201861623509e+03
-1.095180648035178820e+03
-1.605521175708066039e+03
-1.419166565395536509e+03
-1.494077541511807112e+03
-1.270335806180226655e+03
-1.270999823416625532e+03
-1.330212710314609922e+03
-1.780822362222284028e+03
-1.231853188974717114e+03
-1.554742320473919563e+03
-1.711212504689412754e+03
-1.719437394602281074e+03
-1.349297356537078485e+03
-1.451265366497498235e+03
-1.149804780966398084e+03
-1.207123278823267583e+03
-1.210894168410211478e+03
-1.509308107442928758e+03
-1.575614104161266823e+03
-1.615840674005685742e+03
-1.358292335438958617e+03
-1.522746511809710682e+03
-1.291275211764223741e+03
-1.446657764386163990e+03
-1.409416634707556341e+03
-1.341450423114638397e+03
-1.144299644752950826e+03
-1.356194349786074326e+03
-1.383151558004732806e+03
-1.361159003741382094e+03
-1.222102280384596042e+03
-1.283937643814646890e+03
-1.248720079782184712e+03
-1.488243964167219701e+03
-1.298402569816504410e+03
-1.280092280876361428e+03
-1.443791844363787050e+03
-1.561571145783571410e+03
-1.373825314865179507e+03
-1.532735388690133050e+03
-1.562693992320567077e+03
-1.504789594113652129e+03
-1.595766081039199889e+03
-1.590825027205727565e+03
-1.399440094381051040e+03
-1.573423864987785237e+03
-1.541272571454693889e+03
-1.471935144694952214e+03
-1.491487147029653897e+03
-1.326787742967354461e+03
-1.369600642712224953e+03
-1.277781985600791813e+03
-1.418723837778288271e+03
-1.553534964683690305e+03
-1.561700219388902042e+03
-1.392552983235406600e+03
-1.305684475430765133e+03
-1.408907287289971009e+03
-1.529199133707209967e+03
-1.481732682295274799e+03
-1.360018136258786853e+03
-1.481691288492597096e+03
-1.554744638646076282e+03
-1.336817345222902077e+03
-1.347103464379783645e+03
-1.399511822939988406e+03
-1.501063494922895416e+03
-1.311437951478772220e+03
-1.525870459814786727e+03
-1.552312835289142640e+03
-1.453772295801683185e+03
-1.542189468487168597e+03
-1.310659323506299188e+03
-1.294947228329316658e+03
-1.410915448031123105e+03
-1.305041668576500342e+03
-1.290869260386269843e+03
-1.389837675549100368e+03
-1.314114555979752822e+03
-1.373513872783224542e+03
-1.426341943987348031e+03
-1.285673130779011217e+03
-1.262315014947920645e+03
-1.323367978902929963e+03
-1.395391242945070871e+03
-1.017346341418512793e+03
-8.806917805534693571e+02
-1.133355891086213887e+03
-1.066994154044018615e+03
-1.134113365826355221e+03
-1.406263526127684599e+03
-1.350311787217109440e+03
-1.305747082045233810e+03
-1.349066444691466131e+03
-1.350140600292731961e+03
-1.356494439456103464e+03
-1.406164752368547397e+03
-1.131067663856493027e+03
-1.235687931965032476e+03
-1.258388156344700747e+03
-1.378550090116056253e+03
-1.209242542847311370e+03
-1.340812786703364509e+03
-1.318757903346572903e+03
-1.248973645565703237e+03
-1.204993027624440174e+03
-1.317884430542122800e+03
-1.274721457628432063e+03
-1.241797902866037703e+03
-1.230715931226135126e+03
-1.351182755666367029e+03
-1.403417732267553902e+03
-1.391081020420298046e+03
-1.372538633829606397e+03
-1.392861206776890185e+03
-1.303697901164446876e+03
-1.321910478424012126e+03
-1.267627875379950183e+03
-1.339957933159827689e+03
-1.291696386859723589e+03
-1.326167593989129728e+03
-1.323534769525317188e+03
-1.358691827222129405e+03
-1.295735133384631581e+03
-1.280379766866207774e+03
-1.279470438039124701e+03
-1.337445971037186609e+03
-1.251330012057982913e+03
-1.323792497440603256e+03
-1.370124181131951673e+03
-1.355035931901998538e+03
-1.395618497264048074e+03
-1.389976012308472718e+03
-1.299819605959285127e+03
-1.297657905724157672e+03
-1.327989966580999408e+03
-1.389143413078938693e+03
-1.442189926680948247e+03
-1.388470345246896613e+03
-1.330390861886617131e+03
-1.377996216467015756e+03
-1.334722838150563575e+03
-1.283317920334623068e+03
-1.302361399313959055e+03
-1.296816766762955012e+03
-1.228547438412618931e+03
-1.311759628549923036e+03
-1.192478239710236949e+03
-1.324712594194768826e+03
-1.315140245709840656e+03
-1.310086338145687932e+03
-1.248297675897653107e+03
-1.292908913644441100e+03
-1.229181572705701228e+03
-1.325426323522817029e+03
-1.208210787775889003e+03
-1.178768102745555780e+03
-1.361977774974171098e+03
-1.320070672960011279e+03
-1.350331666241235780e+03
-1.132945726984224621e+03
-1.106564483509035881e+03
-1.202851867810528574e+03
-1.313593874540052411e+03
-1.376914129518226446e+03
-1.182912407478144587e+03
-1.368686336241111803e+03
-1.382971647525017261e+03
-1.362515989848613572e+03
-1.348542190525913384e+03
-1.315134266055707258e+03
-1.255428132428951812e+03
-1.333527191531437211e+03
-1.237803276850974044e+03
-1.222682975611463007e+03
-1.197195337349434567e+03
-1.165562251890219613e+03
-1.007812464515445754e+03
-1.298917289838422903e+03
-1.103607705459649424e+03
-1.298718169162588765e+03
-1.162814223120238239e+03
-1.371272726262922106e+03
-1.096339413632610103e+03
-1.250728623178956468e+03
-1.096407116971132382e+03
-1.216297667396330780e+03
-1.325241167562527835e+03
-1.211255134573250189e+03
-1.289624146364713170e+03
-1.117227972898898543e+03
-1.216921925549044772e+03
-1.020188250444086179e+03
-1.294690208217192094e+03
-1.278027775008884873e+03
-1.207381987330267748e+03
-1.162721412369879545e+03
-1.215371775942294107e+03
-1.127122453749544775e+03
-1.200959369893877238e+03
-1.244315505962315910e+03
-1.309246553167847878e+03
-1.247349594720959658e+03
-1.224017849222162340e+03
-1.151949518642664088e+03
-1.201533494490892508e+03
-1.251032464545759922e+03
-1.207641054311995276e+03
-1.239060963653191720e+03
-1.185323802179357472e+03
-1.097738463907110599e+03
-1.058060864397231398e+03
-1.069628373700538987e+03
-1.144650008079129748e+03
-1.021265216980453033e+03
-1.062284105353790665e+03
-1.046536213672786062e+03
-1.153175224285345394e+03
-1.046751206435599215e+03
-1.056409649941464750e+03
-1.160143042135373889e+03
-1.124609985239729667e+03
-1.032899242482264071e+03
-1.057605819592774196e+03
-1.083044290766530821e+03
-1.039243047396544625e+03
-1.207150246414724052e+03
-1.145012893468212724e+03
-1.082081949446653425e+03
-1.032796338427310047e+03
-1.181149307463126206e+03
-1.081725706720444350e+03
-1.437665785303641997e+03
-1.022194541713817671e+03
-1.049517379914973162e+03
-1.099667744622518740e+03
-1.197427798874464770e+03
-1.110519240491915980e+03
-1.171265918857452789e+03
-1.005447323849860709e+03
-1.077240342753598952e+03
-1.228827114785278127e+03
-1.172658412280460652e+03
-1.179761299585991537e+03
-1.048000570051434806e+03
-1.039216701115002479e+03
-1.174610820541375688e+03
-1.078835941175572543e+03
-1.154742700014079901e+03
-1.169032495101822633e+03
-1.185465229773394640e+03
-1.236904592078060205e+03
-1.030604773585827616e+03
-1.104672582703019316e+03
-1.200609110532740033e+03
-1.044775434742203515e+03
-1.179118170361455896e+03
-1.196343719906401247e+03
-9.836519850208044318e+02
-1.202066455549953616e+03
-1.179224910949495552e+03
-7.689938929619406736e+02
-1.036322671213759349e+03
-1.070568248513860908e+03
-1.036405952151219935e+03
-1.002822304886495090e+03
-1.174039664474583333e+03
-1.050225092551355374e+03
-8.800128698485533505e+02
-8.904946990954978219e+02
-1.046521124906825207e+03
-1.103933486228246238e+03
-1.161672967703136010e+03
-1.085609933648331207e+03
-1.159788158403733178e+03
-1.126927136820296482e+03
-1.218123099790173228e+03
-1.067444237883099959e+03
-1.188815983678393877e+03
-1.085716336384568194e+03
-1.202037378845263675e+03
-1.009716259114550780e+03
-1.029747156857666596e+03
-8.798019546006961491e+02
-9.149750760953983217e+02
-7.623820610043272836e+02
-7.684856846537694537e+02
-9.125058298235251186e+02
-1.019501599590627507e+03
-8.776235436270372929e+02
-1.053564060008493698e+03
-9.110216990438187850e+02
-1.178223807381852112e+03
-1.008906579264409288e+03
-1.156283547016403190e+03
-1.109518163626388059e+03
-1.263283122760801916e+03
-1.187972458229708764e+03
-1.178017691348623202e+03
-1.112182509855232638e+03
-1.046611316235339245e+03
-1.141574642880211059e+03
-1.196729212276786029e+03
-1.164703006772822164e+03
-1.181427907133305098e+03
-9.993883945563887892e+02
-1.160978200052647026e+03
-1.094517705853873849e+03
-1.014689954904141246e+03
-9.291803634834219565e+02
-1.123601128196672107e+03
-9.571299944712709475e+02
-1.073243749984802434e+03
-9.461972846603814560e+02
-1.011355818774212821e+03
-9.271999456586211181e+02
-7.724967156903022669e+02
-1.058093903931581735e+03
-7.725302950491867477e+02
-1.131421871228614009e+03
-7.741762918184413138e+02
-8.842984327984407855e+02
-8.952609809045653719e+02
-6.733035996349815377e+02
-9.005290337765654840e+02
-1.181537740242259588e+03
-9.266173104148956554e+02
-1.104656338630059736e+03
-1.191618088156939848e+03
-1.248161375802979364e+03
-1.137319731048390395e+03
-1.175116788396060429e+03
-1.116124584842578088e+03
-8.937871345908018839e+02
-9.604423601563456714e+02
-7.859376856219250840e+02
-7.703149825147876300e+02
-8.958123335463716330e+02
-1.001890806324927667e+03
-1.079463006650814805e+03
-7.558058440471531867e+02
-1.029699923896529981e+03
-7.540083550686722447e+02
-1.056326209574973973e+03
-7.815999052124567470e+02
-9.451643950169444679e+02
-1.003667046949898008e+03
-9.984442621356657810e+02
-1.065471420698798511e+03
-1.028692705253536360e+03
-1.204710646474105033e+03
-1.208055910166576268e+03
-1.193342451087532936e+03
-1.289178024730092375e+03
-1.155323402869347319e+03
-1.264682242877806857e+03
-1.204403202122443417e+03
-1.060346058507275075e+03
-6.522869092572701675e+02
-1.199432285792052653e+03
-1.078373224934689233e+03
-8.446036068169556756e+02
-7.906451029011897162e+02
-5.139269724714649783e+02
-9.121811376323782952e+02
-1.029772217941270128e+03
-8.858680154660842163e+02
-1.071507206951855323e+03
-6.374928550800505036e+02
-8.822891681079455566e+02
-9.096052547743396417e+02
-9.285999559285141913e+02
-1.064586022474608626e+03
-9.018491243288491432e+02
-1.023390887115935243e+03
-1.174864632311559262e+03
-1.080721430573455336e+03
-1.165280217511639421e+03
-9.241760520108776973e+02
-1.055889746472542811e+03
-1.070187843329937095e+03
-9.478637519297061544e+02
-6.497831860566882369e+02
-1.077694686334849621e+03
-8.856826409909984932e+02
-9.807430357802023764e+02
-6.393431073297825833e+02
-7.641328973690275461e+02
-8.973432638536025934e+02
-8.231665203934078363e+02
-5.716937369720054676e+02
-8.570597283171443905e+02
-1.026949501596627442e+03
-1.044869354633976400e+03
-9.983579241344205002e+02
-1.168330463784562880e+03
-1.145083309144322357e+03
-1.132859699496816120e+03
-8.934781206772261157e+02
-9.259557312727195040e+02
-1.061998540186743867e+03
-1.105661240950546471e+03
-1.201817788915781875e+03
-1.192969173140580779e+03
-1.072254165503947206e+03
-7.741575729374244474e+02
-9.152062887254385259e+02
-1.049971116282444655e+03
-1.218312986328306579e+03
-8.713533635507619692e+02
-8.514752221780237278e+02
-7.860693643045207182e+02
-7.752648902936255126e+02
-1.115685721285336967e+03
-1.067351038487561254e+03
-8.781996983547013542e+02
-8.278773776336075798e+02
-9.117402954671197222e+02
-1.027180734074948759e+03
-8.086997794795212258e+02
-6.572081532804818380e+02
-6.377928957769188401e+02
-5.136327383724259334e+02
-7.643118355433044826e+02
-8.563091252665167303e+02
-7.662214920556709785e+02
-1.186980713650064217e+03
-9.018465673696409795e+02
-9.204148822785039101e+02
-7.305153986577651040e+02
-7.734227842671556346e+02
-9.507522125327126332e+02
-9.163523671996375697e+02
-1.077896619401410135e+03
-1.186296492623546783e+03
-9.095217592398397528e+02
-1.047991755164258166e+03
-1.140568960739819886e+03
-1.213440473371505959e+03
-1.186746113568811779e+03
-1.107608908878209832e+03
-9.467384787477492409e+02
-1.213306786156391581e+03
-9.302360436917715560e+02
-1.229992854717410864e+03
-1.217452803800808624e+03
-1.052362614822590331e+03
-9.886970390825894128e+02
-1.058694587158341847e+03
-7.565911891329257060e+02
-7.648093845037852816e+02
-7.227119506131064099e+02
-3.866961202065096472e+02
-8.762900567854103429e+02
-7.577281146990568459e+02
-6.322987378411028203e+02
-7.664176404848076345e+02
-5.968160772971907591e+02
-5.127875671246297316e+02
-7.755289840649022608e+02
-5.506271497252582776e+02
-8.306887718012079631e+02
-5.039565857926544368e+02
-8.932722398932398846e+02
-9.284808362732768501e+02
-1.055531597819316175e+03
-1.106330564224664386e+03
-6.359506395655178039e+02
-9.505354031838245419e+02
-1.219291748533750479e+03
-1.196691524065383419e+03
-9.075581468110635797e+02
-1.075953010408592945e+03
-1.061956966846295245e+03
-8.244640066122555027e+02
-9.644932816731509320e+02
-1.122775257403271326e+03
-1.209607680360277072e+03
-5.174906157870756260e+02
-7.699670562393238242e+02
-6.289884938088880517e+02
-6.487983978292946858e+02
-5.148423942359271450e+02
-6.476523823614249977e+02
-3.887519536980865382e+02
-8.950498374440979887e+02
-5.408022495852505926e+02
-5.505578713165431282e+02
-6.721885986291403015e+02
-4.710504672236222632e+02
-5.287446588089039778e+02
-7.715583421336533547e+02
-6.650780755872442569e+02
-5.179183245037939969e+02
-1.186204457742526984e+03
-1.202232155057824684e+03
-1.170546376073772990e+03
-1.233939863545641629e+03
-1.083442161161298372e+03
-1.227920053309959940e+03
-1.194614833923103561e+03
-7.818973879305094670e+02
-1.193773335562899319e+03
-9.406974845066911257e+02
-9.297366390950340929e+02
-1.141092348803249251e+03
-1.209696676009691146e+03
-9.442895818357598046e+02
-9.597073792948779101e+02
-7.553957718341445116e+02
-1.088345176401059916e+03
-9.455184787607665839e+02
-6.470824099375192873e+02
-5.186765227340231377e+02
-1.305905149175833628e+02
-5.116608388612457929e+02
-4.612681026062476803e+02
-5.088964363158868309e+02
-9.016365247447159845e+02
-8.037695362236050869e+02
-3.891540076408339814e+02
-1.143781748101856920e+03
-5.161692866697944737e+02
-5.200252030879489666e+02
-8.660575002317832514e+02
-6.535394400486392215e+02
-6.721060682087255600e+02
-9.271128526401519139e+02
-7.961620824033590225e+02
-7.999137497917372457e+02
-3.874161324332681033e+02
-6.401984164311181758e+02
-9.474493025582514747e+02
-1.023352269317318360e+03
-1.086931320255810761e+03
-3.900055561101969488e+02
-5.801992611799970518e+02
-3.938074010171304167e+02
-5.238502282287154230e+02
-7.536753396167048322e+02
-9.032459083462584886e+02
-1.139473236575584224e+03
-8.884270597891448915e+02
-1.157451578869860896e+03
-9.686343371418516881e+02
-1.110622642450707872e+03
-1.091220327220136596e+03
-1.045911364352580449e+03
-9.513712598858844558e+02
-6.980764949090541904e+02
-6.407914727747936467e+02
-2.629099321071667532e+02
-3.888470463727222750e+02
-6.491751253860080624e+02
-3.885584398633077967e+02
-6.948376285312195932e+02
-5.130167151362123832e+02
-3.877889918177408504e+02
-5.183840973671049142e+02
-5.214090551088105485e+02
-9.724249503993347616e+02
-6.791684876372232793e+02
-5.204021088752913329e+02
-5.968185018756810223e+02
-5.251803929748123210e+02
-2.676015699712881428e+02
-7.655772377962123301e+02
-8.219152891956982785e+02
-8.576246290937380081e+02
-7.756322373847915514e+02
-1.193310221130071795e+03
-1.145350974609772493e+03
-3.797283479197269571e+02
-1.078056229185743405e+03
-1.257276705755318460e+02
-1.214937353681647664e+03
-1.019442105202047060e+03
-1.109827253975167423e+03
-6.902253659146838345e+02
-1.048577071487330841e+03
-1.086733131811736939e+03
-5.809328449627989812e+02
-7.799043321869681904e+02
-9.315907361524567705e+02
-9.459741630266712491e+02
-4.954725275615838314e+02
-5.172404958218528463e+02
-6.540869751400014138e+02
-3.779686245336766319e+02
-6.422386883551184837e+02
-5.386684107455243975e+02
-7.823712651289918085e+02
-8.878780868121572212e+02
-1.292738588172033758e+02
-6.548950272359619476e+02
-6.548163347925451490e+02
-3.908781227073366722e+02
-9.335138348308175864e+02
-9.974415360790804925e+02
-2.656247663487883983e+02
-7.078968457663647769e+02
-6.763995799897841152e+02
-4.056556302907654299e+02
-9.053115769549209517e+02
-9.396688836632361017e+02
-7.987694766810553801e+02
-9.499754733846995123e+02
-6.833278939239060037e+02
-9.206370603397655259e+02
-3.875758685710027294e+02
-2.627900585580357529e+02
-1.283813420444936924e+02
-2.682251487814992856e+02
-1.102752607654327221e+03
-5.518890726931563222e+02
-5.136369192078466313e+02
-3.543500628743659036e+02
-1.396279685335473744e+02
-3.954205805405638330e+02
-1.352587536826138432e+02
-1.293786823129614447e+02
-1.334588984254040156e+02
-1.313587526531837000e+02
-5.196709158901637693e+02
-5.557552059034863987e+02
-1.430497776703489876e+02
-2.593075168879113335e+02
-2.617848575433686165e+02
-1.304101042249094462e+02
-5.367138892713155656e+02
-2.587099039161901146e+02
-3.961343952675488254e+02
-3.982483681915927036e+02
-1.257754326098754234e+02
-5.394905829414899472e+02
-5.996981988677391655e+02
-1.324810773601805352e+02
-5.735628773491762331e+02
-5.131885567843786475e+02
-7.294219414820254315e+02
-2.600108671538608291e+02
-2.631311558418007053e+02
-3.935739239748129421e+02
-3.931155538856900193e+02
-1.047646796220925580e+03
-6.521372832592442137e+02
-9.592113587816789959e+02
-2.615783678398646543e+02
-3.788534706627356172e+02
-1.322186874464532309e+02
-1.649003048569922747e+00
-1.258000083770420190e+02
-1.293712914539771077e+02
-6.520695457474342902e+02
-1.269088265931915771e+02
-1.323751314574020057e+02
-2.577844119842957298e+02
-4.104171546533787591e+02
-1.272668195787121874e+02
-2.648079118462607084e+02
-1.314675991133133550e+02
-6.553036872407102464e+02
-1.294325707146570892e+02
-6.622731574635865854e+02
-1.269499314539328054e+02
-2.577760015234533171e+02
-2.835003663566997716e+02
-3.939114831313169134e+02
-1.297386896680262964e+02
-2.684223845354616742e+02
-1.269178183108957114e+02
-1.269061867248274638e+02
-3.775167917731095031e+02
-2.628345888713457157e+02
-2.572220870780690802e+02
-1.280596260869778575e+02
-5.091518354519996592e+02
-2.665236389494812670e+02
-2.643282587156064096e+02
-3.879475702318213735e+02
-2.556424056539880212e+02
-2.659078749700844924e+02
-7.512092749627170178e+02
-2.701795245637477478e+02
-3.969426144083070653e+02
-5.275568001559756794e+02
-6.703248639083924445e+02
-2.663719146482250153e+02
-2.589057924379101792e+02
-7.915311996076883361e+02
-1.875328383020405276e+00
-1.299710616591868870e+02
-2.621730169967991628e+02
-2.624801742694123163e+02
-5.688674828682568432e+02
-1.299543773419641752e+02
-5.404285325216434330e+02
-1.299223795378469788e+02
-6.149859939472004271e+02
-3.783263770286035879e+02
-1.299807068415281037e+02
-2.655499989998588148e+02
-1.297265065811737657e+02
-2.512793952752742541e+02
-2.614927670118604510e+02
-1.300931304135845608e+02
-3.947418611178876517e+02
-2.680065217291343629e+02
-4.174910916865750323e+02
-5.244763158872088979e+02
-2.612999523505521324e+02
-9.449204682367391115e+02
-5.964595381162325793e+02
-1.272938508511806361e+02
-5.418573358807818874e-01
-6.127694760313282814e+02
-1.267686910775773157e+02
-8.997378259548017922e+02
-1.342488433458518671e+02
-7.960927765541913459e+02
-1.296350630636967196e+02
-4.390473644599987324e+02
-2.537451223182352180e+02
-7.364697204833453270e+02
-9.280949313908046179e+02
-6.654120990750326428e+02
-1.319548102742564595e+02
-4.240282394553520930e+02
-1.281017069982718226e+02
-6.974710802423131781e+02
-1.316984416800603981e+02
-5.304244861674558251e+02
-1.289609708098630563e+02
-4.793085011480403637e+02
-2.584452723315540652e+02
-2.588663985459631931e+02
-3.838738472224187603e+02
-2.642039720230378066e+02
-1.314685208188251409e+02
-3.949295591606071412e+02
-1.328177898876582788e+02
-7.503994496950597837e-01
-1.283113457034494331e+02
-1.281973455386786327e+02
-1.328230490215716202e+02
-1.287291411023508090e+02
-3.916350269622436713e+02
-2.567267464817143150e+02
-1.303188738948475134e+02
-1.288212653602207070e+02
-5.220991551903242680e+02
-3.929135409568003752e+02
-1.293162328181147416e+02
-1.312980615319489175e+02
-1.281612244340014399e+02
-2.613500171026146859e+02
-4.863511259096343631e-01
-1.317844791400050042e+02
-1.278448700857204159e+02
-1.315731934795119855e+02
-4.123175985561975381e+02
-2.585214735696539492e+02
-8.752195174169427219e+02
-4.081941919697026151e+02
-7.879376054646934335e+02
-5.535423998989815573e+02
-4.103085482285139278e+02
-4.667600818482948739e+02
-3.937516163817958272e+02
-7.859964915984334084e+02
-2.452710974192891342e+02
-2.611272104414031787e+02
-1.312907980577048193e+02
-3.774626141531937833e+02
-2.673586208321081017e+02
-4.223319484693462300e+02
-1.314975949697862347e+02
-5.455275562885049112e+02
-2.601403133036684494e+02
-5.409174294291531169e+02
-1.309563906310331731e+02
-2.558156876695231290e+02
-1.232381564628010517e+00
-3.963255345003125854e+02
-2.577752681253766127e+02
-1.292161439486403083e+02
-2.625073604067619044e+02
-4.155134841332933888e+02
-3.874428146022695501e+02
-1.280318150898256704e+02
-4.027569255775786701e+02
-2.714581267844482113e+02
-6.556097049427696000e-01
-2.702939374840466940e+02
-7.984433526181560410e+02
-2.629737420693986110e+02
-5.499179020679537189e+02
-2.725879407016832943e+02
-2.587828277452230736e+02
-3.751746479833627745e+02
-3.780368436147684292e+02
-1.092345072756321533e+00
-1.297210946848858555e+02
-1.301803221215453448e+02
-2.585061854062507791e+02
-3.961116984055817056e+02
-2.698673347498642556e+02
-1.308451008575814285e+02
-1.322845315517046458e+02
-1.300194123806928985e+02
-1.295395559299562649e+02
-2.538662147514623655e+02
-4.179848640558224133e+02
-1.304076254696244916e+02
-4.527974953642859077e+02
-3.993148713604084037e+02
-2.609695961333254104e+02
-1.328785310043989512e+02
-5.821326799694477305e-01
-1.302450075776021379e+02
-2.696340430868074804e+02
-3.974240356893918147e+02
-3.777542860525337574e+02
-1.279254422061318621e+02
-2.084108433634448421e+00
-1.271530037231286627e+02
-2.659604167994615409e+02
-1.278608326456704987e+02
-1.282911875630486804e+02
-5.589282672129103346e-01
-2.622492136347961491e+02
-2.637128835080141585e+02
-1.321191807531411087e+02
-1.251217410114066695e+02
-1.319259558414439368e+02
-1.289449117923580843e+02
-1.283793943197539420e+02
-1.315477281402967265e+02
-2.552161082840186168e+02
-2.625367990282430242e+02
-2.686699989321266457e+02
-2.764193040275685007e+02
-3.948328466139411148e+02
-4.291797097550105491e+02
-2.544648905204118137e+02
-2.664912149148778440e+02
-2.591965979825650379e+02
-1.269130866833472737e+02
-2.507501666020426114e+02
-2.602768685868996386e+02
-2.582635483939913570e+02
-2.505867155111691034e+02
-1.280253655026340311e+02
-3.724707699705485311e+02
-7.868587862541886579e+02
-1.348994225503170830e+00
-6.215530126416325629e+02
-1.317303183681336805e+02
-8.165241445355155836e-01
-2.606298245188040710e+02
-4.042051575490034452e+02
-2.627087718575357371e+02
-1.395525861225501929e+00
-3.855862478779958451e+02
-2.482342310493608011e+02
-5.524171493323018467e+02
-2.612658499543010180e+02
-1.304865983052800402e+02
-2.519659774004299777e+02
-9.383731692253370893e-01
-1.322365172032683347e+02
-1.295298814686938726e+02
-2.634390921281379292e+02
-1.270242883572327912e+02
-1.320473576346053051e+02
-1.326589569209440072e+02
-1.330015918730979649e+02
-2.862638211229781291e+02
-3.857144058242728875e+02
-1.345790387012888800e+02
-2.821912169327034690e+02
-1.283284173730695841e+02
-2.652424426826736976e+02
-3.761675121487967317e+02
-2.717988273888466324e+02
-2.579807523843405193e+02
-1.311664414469486815e+02
-3.142373439943063396e+00
-1.073294551029192007e+03
-4.121970057735843795e+00
-2.636762385096220669e+02
-1.087674627558021257e+03
-1.307308937646893980e+02
-1.073058377809851208e+03
-6.526996377338839466e+02
-4.557492435173193712e+02
-8.011937036012458293e+02
-3.856906181504089659e+02
-9.267229989593585060e+02
-9.399364418133708341e+02
-2.609806910160675670e+02
-2.727305106546568254e+02
-1.354109588557333552e+02
-2.684468336350340678e+02
-4.005053000450090508e+02
-5.275564897336918193e+02
-7.974322183008163165e+02
-9.991351208954961294e+02
-2.589401545079370521e+02
-1.369629800253618441e+02
-1.285796453412487779e+02
-2.636948266732173352e+02
-1.305073939048322131e+02
-1.295752767019060343e+02
-2.548003866319533586e+02
-2.591203887986617929e+02
-3.855113960902281178e+02
-4.085610470076600791e+02
-9.264514986872642339e+02
-8.116199991570830434e+02
-1.299460776064437653e+02
-4.161712329975360944e+02
-2.735727720274771286e+02
-1.929220965527015608e+00
-1.296678214187192850e+02
-2.594254996809587510e+02
-4.194717545623412889e+02
-9.190558608087379753e+02
-7.863979402150608848e+02
-9.223641862557128661e+02
-1.363137441153643579e+02
-2.483368344616894774e+02
-1.291751783628155010e+02
-5.562356506800300622e+02
-7.692559757609579947e+02
-3.961139416238855802e+02
-1.309226555961900260e+02
-1.267610699568946018e+02
-4.251300259979676071e+02
-1.358435757388578509e+02
-1.307538691634767360e+02
-1.470079294016375382e+00
-1.668186549082645742e+00
-1.331209011007493928e+02
-1.274695363277986218e+02
-1.282449419825674397e+02
-1.290356262595602175e+02
-1.286296549210362912e+02
-1.305035816578539993e+02
-2.925682407045102309e+02
-1.290455465050632995e+02
-2.611530701816772648e+02
-1.344683770805941094e+02
-2.584695623658012096e+02
-2.549083306248696488e+02
-5.257868259237645816e+02
-2.354969650177609897e-01
-1.324566085938043614e+02
-2.523162698874553769e+02
-3.945715468335523042e+02
-3.785550644084297867e-01
-1.304143573584987905e+02
-1.302331317288366961e+02
-1.288997177445238265e+02
-2.796396187691369732e+02
-1.261006076564021043e+02
-1.063173159356451958e+00
-3.880365310095299947e+02
-2.752789979461151688e+02
-1.290559938339253847e+02
